 
T:20:
$25,-8,230,-21,49,-6,18,130,-112#
$25,-11,227,-17,53,-6,20,131,-113#
$24,-11,229,-19,47,-7,20,131,-113#
$23,-9,227,-16,39,-6,22,130,-113#
$23,-10,227,-16,43,-8,22,130,-113#
$26,-11,229,-15,39,-7,18,131,-112#
$24,-10,229,-13,46,-6,33,147,-112#
$25,-9,230,-16,37,-7,20,129,-113#
$24,-10,230,-19,49,-4,18,128,-113#
$23,-10,229,-17,48,-9,18,128,-113#
$25,-10,228,-18,44,-7,18,129,-112#
$25,-9,230,-20,48,-7,19,131,-113#
$24,-9,228,-16,49,-5,20,129,-113#
$24,-9,230,-17,48,-8,19,128,-113#
$24,-10,228,-21,42,-5,19,128,-113#
$24,-9,228,-18,43,-8,21,130,-113#
$22,-9,229,-17,48,-5,19,131,-113#
$24,-9,229,-16,54,-6,19,128,-113#
$24,-9,229,-28,58,-8,19,128,-113#
$22,-11,229,-21,36,-7,19,128,-113#
$24,-12,230,-18,45,-6,19,129,-112#
$24,-10,229,-16,36,-3,19,131,-112#
$23,-10,228,-20,47,-7,20,131,-113#
$26,-10,228,-17,49,-10,21,133,-112#
$23,-10,231,-21,42,-6,21,133,-112#
$23,-10,228,-20,45,-8,18,129,-113#
$24,-9,230,-16,48,-8,17,129,-112#
$25,-10,228,-17,46,-7,18,129,-113#
$23,-14,233,-16,36,-9,29,130,-112#


9DOF IMU Firmware v23 
==========================
[1]Accelerometer: ADXL345 
[2]Magnetometer: HMC5883 
[3]Gyroscope: ITG-3200 
[4]Raw Output
[5]Change Baud Rate: 57600bps
[Ctrl+z]Toggle Autorun
[?]Help

T:14:
$24,-9,229,-18,39,-6,17,137,-106#
$26,-12,229,-19,44,-8,16,137,-105#
$25,-12,231,-18,40,-6,15,137,-105#
$25,-11,229,-22,49,-6,18,137,-106#
$25,-10,228,-18,47,-8,18,137,-106#
$24,-9,228,-21,45,-7,19,139,-105#
$26,-9,227,-15,49,-4,15,135,-106#
$26,-9,229,-14,46,-6,15,138,-106#
$24,-10,229,-17,48,-7,18,141,-103#
$25,-8,229,-16,46,-8,18,141,-103#
$24,-9,231,-19,43,-7,16,137,-99#
$24,-10,228,-21,46,-9,14,136,-102#
$23,-9,228,-19,51,-7,17,155,-105#
$24,-11,229,-19,47,-6,17,137,-107#
$25,-8,229,-15,48,-5,17,137,-107#
$24,-9,229,-22,44,-7,17,136,-105#
$24,-9,229,-19,44,-9,15,137,-105#
$23,-8,232,-18,46,-7,25,153,-103#
$25,-9,232,-19,44,-8,17,137,-106#
$26,-9,228,-17,47,-10,17,137,-106#
$24,-9,228,-21,46,-6,18,137,-106#
$23,-9,229,-20,49,-6,16,137,-105#
$25,-10,229,-15,50,-5,15,137,-106#
$25,-9,228,-19,45,-6,15,137,-106#
$25,-10,228,-17,43,-5,17,137,-105#
$25,-11,229,-18,44,-9,18,136,-105#
$25,-9,229,-17,45,-7,16,136,-105#
T:16:$24,-9,228,-23,19,-8,18,139,-105#


9DOF IMU Firmware v23 
==========================
[1]Accelerometer: ADXL345 
[2]Magnetometer: HMC5883 
[3]Gyroscope: ITG-3200 
[4]Raw Output
[5]Change Baud Rate: 57600bps
[Ctrl+z]Toggle Autorun
[?]Help


$25,-10,229,-19,37,-7,16,138,-105#
$26,-10,230,-20,50,-8,16,138,-105#
$25,-9,228,-16,58,-6,18,139,-106#
$25,-9,228,-18,43,-8,16,134,-106#
$24,-11,229,-19,46,-5,15,135,-106#
$23,-9,229,-18,47,-8,15,135,-106#
$25,-10,228,-17,51,-7,17,138,-106#
$29,-10,229,-13,57,-8,18,137,-106#
$27,-9,229,-22,25,-7,15,134,-106#
$23,-10,231,-16,30,-8,15,137,-106#
$23,-9,231,-19,35,-6,15,137,-106#
$25,-8,230,-18,43,-8,16,138,-106#
$24,-10,229,-16,49,-8,17,135,-106#
$24,-9,230,-18,42,-7,15,135,-106#
$25,-10,228,-16,43,-7,15,137,-105#
$23,-7,229,-20,36,-6,15,137,-105#
$23,-7,231,-18,45,-5,17,138,-105#
$24,-9,228,-19,43,-6,29,139,-103#
$23,-10,229,-22,43,-10,17,141,-106#
$24,-9,229,-20,46,-6,17,153,-106#
$24,-10,230,-16,45,-7,17,153,-106#
$26,-9,229,-19,56,-6,19,138,-105#
$25,-9,222,-27,51,-9,17,136,-106#
$22,-11,232,-19,48,-5,T:17:14,136,-105#
$25,-10,228,-15,67,-7,30,152,-103#


9DOF IMU Firmware v23 
==========================
[1]Accelerometer: ADXL345 
[2]Magnetometer: HMC5883 
[3]Gyroscope: ITG-3200 
[4]Raw Output
[5]Change Baud Rate: 57600bps
[Ctrl+z]Toggle Autorun
[?]Help


$24,-8,231,-28,39,-8,15,136,-106#
$28,-9,222,-53,146,-3,15,136,-106#
$27,-4,228,-23,-36,12,15,136,-106#
$27,-2,232,-55,110,-421,15,136,-106#
$18,-20,232,-64,74,-357,3,143,-100#
$19,-23,235,78,-5,-24,3,143,-100#
$24,-15,227,-11,77,-513,-1,145,-107#
$18,-6,236,81,18,-494,-3,144,-108#
$-2,51,272,-199,731,516,-12,141,-109#
$0,-40,358,-166,1049,-777,-32,135,-110#
$-40,17,345,-561,1586,-863,-32,135,-110#
$-21,-29,237,-456,1477,-582,-67,120,-121#
$-31,-2,147,-986,834,-151,-53,109,-130#
$-18,-2,91,318,387,-345,-46,112,-133#
$-30,-28,38,214,31,21,-41,112,-139#
$4,-12,2,367,-945,19,-41,112,-139#
$-32,-25,135,623,-1123,93,-51,109,-142#
$15,-43,216,574,-1418,564,-72,99,-143#
$-23,49,392,403,-958,229,-73,119,-127#
$8,-147,511,-500,-854,85,-31,158,-116#
$47,51,253,-14,79,158,-31,158,-116#
$1,-4,197,-433,-303,168,-29,148,-116#
$20,2,223,-11,-187,-67,-31,139,-119#
$31,-8,209,57,32,-141,-21,156,-115#
T:19:$7,21,235,64,-359,-259,-35,142,-119#
ø
9DOF IMU irm•v23 
êêêêê
[1]Accelerometer: ADXL345 
[2]Magnetometer: HMC5883 
[3]Gyroscope: ITG-3200 
[4]Raw Output
[5]Change Baud Rate: 57600bps
[Ctrl+z]Toggle Autorun
[?]Help


$23,-4,228,-23,92,-4,-43,152,-112#
$25,-5,231,-23,87,-4,-43,152,-112#
$22,-5,230,-20,70,-7,-43,152,-112#
$24,-4,231,-18,24,-7,-43,151,-112#
$22,-4,230,-16,23,-10,-43,151,-112#
$25,-5,230,-17,54,-6,-34,171,-109#
$23,-6,228,-18,48,-6,-25,159,-112#
$23,-3,236,-18,44,-3,-34,157,-104#
$22,-5,228,-19,53,-5,-44,150,-112#
$22,-5,231,-18,52,-7,-44,150,-112#
$21,-5,228,-21,47,-7,-41,153,-112#
$23,-5,229,-23,57,-8,-39,153,-112#
$22,-6,228,-20,60,-6,-40,152,-112#
$22,-5,231,-20,40,-6,-42,153,-111#
$22,-5,230,-21,59,-7,-42,153,-111#
$23,-5,229,-18,48,-9,-30,169,-109#
$23,-5,229,-18,48,-6,-25,153,-112#
$21,-5,231,-13,3,-9,-40,154,-111#
$20,-3,231,-18,12,-9,-40,154,-111#
$22,-6,229,-18,26,-8,-42,153,-112#
$23,-6,229,-23,81,-3,-41,154,-112#
$23,-4,225,-22,94,-5,-40,150,-112#
$22,-4,229,-17,46,-5,-43,150,-112#
T:20:$21,-5,229,-20,46,-7,-43,150,-112#
$22,-4,230,-12,57,-5,-41,152,-112#


9DOF IMU Firmware v23 
==========================
[1]Accelerometer: ADXL345 
[2]Magnetometer: HMC5883 
[3]Gyroscope: ITG-3200 
[4]Raw Output
[5]Change Baud Rate: 57600bps
[Ctrl+z]Toggle Autorun
[?]Help


$22,-7,233,-13,25,-5,-43,151,-112#
$22,-5,229,-14,36,-7,-27,153,-110#
$20,-4,230,-15,-4,-9,-40,163,-111#
$22,-6,227,-24,70,-3,-40,163,-111#
$22,-5,227,-19,53,-7,-41,151,-111#
$21,-4,229,-18,41,-7,-43,151,-112#
$21,-4,228,-15,36,-6,-43,152,-113#
$22,-7,229,-17,45,-6,-41,152,-112#
$22,-4,230,-18,39,-8,-41,152,-112#
$23,-6,229,-18,52,-9,-42,152,-112#
$22,-6,229,-19,47,-7,-44,152,-112#
$23,-6,230,-21,50,-8,-40,154,-111#
$23,-4,230,-19,52,-4,-40,152,-112#
$22,-5,232,-18,52,-10,-40,152,-112#
$23,-5,229,-16,48,-9,-42,151,-112#
$24,-4,230,-16,35,-6,-42,153,-112#
$23,-5,228,-16,41,-8,-41,152,-113#
$21,-5,230,-17,29,-8,-41,151,-112#
$22,-6,229,-17,32,-7,-41,151,-112#
$23,-6,230,-21,62,-6,-40,160,-106#
$23,-5,229,-17,39,-8,-32,167,-109#
$22,-4,230,-18,35,-9,-42,151,-112#
$21,-5,230,-17,37,-7,-40,152,-112#
$23,-5,230,-21,42,-6,-40,152,-112#
T:22:$23,-3,228,-20,47,-7,-42,151,-111#


9DOF IMU Firmware v23 
==========================
[1]Accelerometer: ADXL345 
[2]Magnetometer: HMC5883 
[3]Gyroscope: ITG-3200 
[4]Raw Output
[5]Change Baud Rate: 57600bps
[Ctrl+z]Toggle Autorun
[?]Help


$22,-8,229,-14,45,-4,-42,153,-111#
$22,-6,230,-19,48,-8,-42,153,-111#
$22,-5,230,-16,53,-5,-41,153,-111#
$23,-5,228,-20,56,-7,-41,152,-112#
$23,-5,228,-18,54,-5,-43,152,-112#
$22,-4,229,-23,54,-6,-40,154,-111#
$23,-6,224,-30,112,-4,-40,154,-111#
$24,-4,222,-24,99,-4,-27,154,-112#
$23,-5,227,-24,64,-8,-31,156,-110#
$22,-5,226,-22,85,-5,-44,150,-112#
$22,-7,228,-24,86,-4,-32,168,-109#
$23,-5,228,-28,52,-4,-32,168,-109#
$22,-6,227,-23,77,-5,-24,166,-111#
$22,-5,228,-22,73,-4,-34,154,-110#
$23,-6,228,-19,57,-6,-39,154,-112#
$24,-4,229,-17,47,-7,-39,153,-112#
$23,-6,229,-9,-35,-10,-42,153,-112#
$21,-4,231,-15,-11,-7,-41,154,-112#
$20,-4,231,-12,13,-12,-27,155,-110#
$24,-5,232,-20,67,-5,-39,155,-107#
$23,-5,228,-18,72,-4,-39,155,-107#
$24,-5,229,-19,53,-8,-42,152,-112#
$22,-5,228,-21,60,-7,-41,170,-112#
$21,-5,T:23:228,-20,58,-6,-39,152,-111#
$22,-4,230,-22,71,-7,-43,150,-112#


9DOF IMU Firmware v23 
==========================
[1]Accelerometer: ADXL345 
[2]Magnetometer: HMC5883 
[3]Gyroscope: ITG-3200 
[4]Raw Output
[5]Change Baud Rate: 57600bps
[Ctrl+z]Toggle Autorun
[?]Help


$24,-6,229,-20,44,-7,-40,155,-111#
$23,-4,230,-18,27,-5,-40,155,-111#
$21,-4,230,-28,45,-6,-42,152,-112#
$23,-6,227,-19,72,-6,-43,152,-111#
$22,-5,228,-22,77,-7,-42,154,-111#
$24,-6,226,-25,99,-2,-40,154,-111#
$23,-10,231,-15,101,-6,-40,154,-111#
$23,-4,229,-22,56,-5,-40,152,-112#
$22,-5,226,-15,64,-7,-42,152,-111#
$22,-5,230,-13,7,-9,-41,152,-112#
$22,-7,230,-16,43,-8,-41,152,-112#
$22,-5,227,-20,72,-5,-41,152,-112#
$22,-6,228,-16,58,-9,-39,152,-112#
$23,-6,229,-27,104,0,-44,153,-112#
$22,-5,229,-14,50,-6,-41,153,-112#
$20,-6,232,-14,-15,-11,-41,151,-112#
$21,-10,236,-11,-15,-7,-41,151,-112#
$21,-6,230,-19,12,-8,-41,151,-112#
$21,-6,234,-15,14,-10,-36,166,-106#
$23,-4,228,-21,-18,-11,-42,152,-112#
$22,-8,233,-15,-10,-8,-41,152,-112#
$22,-6,225,-25,60,-3,-41,152,-112#
$22,-6,228,-16,69,-6,-41,153,-112#
$21,-7,232,-13,18,-7,-39,161,-111#
T:25:$22,-5,230,-18,40,-7,-30,169,-111#


9DOF IMU Firmware v23 
==========================
[1]Accelerometer: ADXL345 
[2]Magnetometer: HMC5883 
[3]Gyroscope: ITG-3200 
[4]Raw Output
[5]Change Baud Rate: 57600bps
[Ctrl+z]Toggle Autorun
[?]Help


$23,-5,228,-19,50,-6,-42,152,-111#
$22,-6,231,-21,66,-4,-42,152,-111#
$23,-4,228,-28,114,-2,-41,153,-111#
$22,-4,231,-20,44,-9,-40,153,-112#
$21,-5,230,-16,53,-4,-42,151,-112#
$25,-9,235,-54,66,-6,-39,154,-111#
$20,-6,229,-17,55,-8,-39,154,-111#
$21,-6,229,-14,37,-6,-42,154,-111#
$24,-6,227,-17,41,-5,-40,152,-112#
$20,-5,230,-17,46,-5,-36,161,-107#
$22,-6,232,-14,7,-7,-43,151,-112#
$21,-6,230,-18,37,-5,-43,151,-112#
$23,-6,230,-20,57,-5,-42,153,-112#
$22,-5,228,-19,57,-5,-40,154,-112#
$22,-6,229,-17,45,-7,-40,155,-111#
$22,-6,231,-15,-16,-11,-41,153,-112#
$21,-5,229,-22,20,-5,-41,153,-112#
$22,-5,230,-15,38,-8,-33,168,-109#
$21,-7,232,-14,27,-9,-25,167,-109#
$22,-5,228,-17,41,-7,-39,151,-112#
$23,-6,229,-18,43,-4,-41,151,-112#
$22,-6,229,-20,55,-3,-41,151,-112#
$22,-6,230,-19,46,-8,-41,153,-112#
$22,-6,229,-19,55,-8,-26,154,-111#
T:26:$22,-6,230,-16,32,-8,-33,154,-108#


9DOF IMU Firmware v23 
==========================
[1]Accelerometer: ADXL345 
[2]Magnetometer: HMC5883 
[3]Gyroscope: ITG-3200 
[4]Raw Output
[5]Change Baud Rate: 57600bps
[Ctrl+z]Toggle Autorun
[?]Help


$21,-5,230,-18,36,-10,-40,152,-112#
$24,-6,229,-9,31,-8,-40,152,-112#
$24,-9,221,-22,105,-5,-40,152,-112#
$23,-4,229,-22,64,-7,-40,152,-112#
$21,-6,230,-14,34,-6,-40,152,-112#
$22,-5,226,-16,48,-7,-41,153,-112#
$23,-7,229,-21,60,-4,-41,153,-112#
$21,-5,233,-12,26,-6,-42,152,-112#
$23,-5,228,-13,44,-5,-42,152,-112#
$23,-5,229,-19,61,-4,-40,151,-111#
$22,-4,232,-20,44,-6,-40,151,-111#
$21,-8,232,-8,-2,-9,-40,152,-111#
$22,-6,231,-14,-5,-8,-42,151,-111#
$22,-5,230,-20,53,-5,-30,169,-107#
$21,-6,226,-19,60,-7,-41,153,-112#
$23,-5,229,-18,67,-3,-41,153,-112#
$21,-5,229,-19,13,-6,-39,153,-112#
$22,-8,228,-23,81,-4,-42,151,-112#
$22,-5,232,-17,38,-9,-44,152,-112#
$22,-6,228,-17,54,-6,-42,153,-112#
$23,-5,228,-19,41,-8,-42,153,-112#
$23,-7,228,-18,52,-7,-40,153,-112#
$22,-6,230,-27,116,-7,-40,152,-111#
$23,-4,223,